960982722526969916
840983960598347817
903232017016193035
953795706907418704
970589600118624256
965024954406015036
840803437037748244
943843555967914004
748295028429946891
955891395753811968
773524549454528562
964682242112749578
972182875174736013
963172848619360326
922317782421499905
852428178311217152
943868926138400789
929786578132430928
984030793657618453
966384918328397924
965313380166533120
400006349989216258
975479453255860287
955170689608978492
917461092576423937
753179387624685619
954221325281542164
963050270823186452
929717840913772615
983657312881377281
949797283560583210
727724425822208111
802312223477334037
808759640464687145
936450005114449990
967179098839461928
942839804050161664
602976199660273683
957338965449531422
809386161121525801
900588169844621372
538820278688415765
283287174558777345
762407157806137365
771023763680133131
792354973827727380
861986750443683871
259786366450139156
705693904321904741
916067906666786846
765297646859845662
907361174138523779
958298455107862558
827202638042759208
808319089113563166
821852135460438086
436561796615110656
763797566742986752
723018886689063033
964343583681441853
660125060358733853
472503194245791744
752561901287768086
943331190453194813
726013750024339457
968568009545371648
547897818304479261
954408478217240646
957062748506828852
915897312293830709
722233642113433610
750518882300723221
961012554052796417
909830991235919912
950216210686021653
828716698064388157
880166497794809916
878911407637266464
882031460318605353
933747952491593758
315425349817204737
966110207233130578
965891886906761216
855903102715822120
788561199952298034
931999673370161233
947209798905131140
801311388831973427
617093764229496875
843744658064801812
882659058451120179
994003758470148116
965378867705569340
907506325091659777
722792468390740039
527074740721156106
961817691893686362
569555899988049931
920854378938781747
957971512521019464
854579400824979488
964783250469957673
586587400608940055
578361948618358829
899912157653774337
916400792443945020
962350620361244723
956582490250805278
801910539403788358
964367745909149766
808794816203718747
933424067418132520
954360618197086208
950670363027701760
411873632332283919
900896565365997649
902200716322537522
957730666492096523
894439752017780767
932687680679071774
816823978517594142
934965426394390598
952541482143875102
639872551249772565
886619398662664202
948577025038352474
915698976089579540
897480870557007874
830893201937924166
841969011674972172
960106660859359263
958343857777569822
665541209095274496
887362904981110824
900469270008434728
954120624702390283
996053583948693535
943497107111829524
964593828935893023
460019747468083202
915725740153122826
574672145536516146
931786547466997771
883463734524264490
837141275026259969
799019058325356554
954725749305270282
957468293181100092
635690865133879296
354257714894864386
955783606213701662
917508154462445608
188822842081673216
927653818030759977
762785397712486441
822322022838173716
954576870333120532
871494567705321552
735954088889679962
868202312433270805
847189905326735442
450760407905337364
966383849535832144
838315272574205962
951984683711873115
912791220776996894
949034793037877328
533653477826756628
235148962103951360
951137204552474656
925494065015971850
851320143484682251
864617728011010108
909030136333099028
987343740664418364
765841266181144596
819025223210369104
874721481651814420
933720573283016745
461987999392202802
963789116292620348
882656990973808650
886737676793946123
687748161074233403
882654961132011540
999056848248393728
708587767273357323
768762367499698187
946775926929260596
940462748909838377
430367603303907328
918057840814489600
838162952787329054
751041277495083168
965515743347240970
827716259575365642
421813247729991683
921172372831211580
942302129484341319
992318721186070579
961680312759373834
778490909355802654
437808476106784770
925544559197425674
604059390655594497
957106920387391508
947754239109763093
954441389943455864
967214186411204629
478945556606091275
821768940829016075
645324829242818574
926755940840136724
806793555388399656
660946787552591922
984222383164502056
710444991285166092
822483251074826300
930463516643721327
882656794898468944
639898244411031582
949342980748222525
769635591947812885
938717106571206706
945584210817724416
868925414049984542
719173090617065473
911640984155218041
576212293390565387
468255690444636172
903387945694797864
777877098164387861
677783025425186836
520692186002489364
900775745738121277
844605595168014346
923928703023611914
963756848635334666
611950336348782592
783359529647079426
899666033785323540
849671240100478986
961434050084622347
819978398909595718
917047062724501575
753388296566210692
945721242273591336
797936698159661126
898559438993129473
930780402166149170
774345676594216980
909620154302890044
742072118904356950
937694264001978368
887426949067202590
494520209286234114
865727818776051792
962473925911126047
872364793217036288
910747063304736809
825920566171009046
868599823257960498
899628519066333194
955047546152177674
964620982813859920
880469432651104286
858779067753693194
969157565126701066
774377780745994281
926744356940042280
922609590414237717
409439844054466570
937292343025991690
977756078840361041
762189660620587049
912179742294298685
760256352655900723
852031472000958476
965172540861480980
900775506155274240
940619255253188638
960913151027724288
900775693657456650
905479683062235157
715236528409804870
770950083613032519
853753040447733761
882658903152795748
667413441161592863
882655830019829770
955321946839601182
882654622622302349
806417838977712148
980558185972776960
646721857474527234
792641933867483156
690218054306889865
882652930203856936
712613274037780490
754184708786749512
692503033560694856
599468158390370305
882653802723942431
680387962352959537
900776703327092837
902183528471609424
882654678012264449
717000764442279977
772554460035285022
735163450807943308
882653732733607966
900764120767397919
921902685211471972
900898749675618365
400832224720584724
959763959970422844
882658262271541278
927891485620330538
958461211308068975
956988251086929920
929083327678382100
959304091027259442
857565930514808852
764812407494279208
939028576953593906
964554810412113921
823956761668091965
705922025310650418
928489369361326141
956162028270141480
942659368741130300
674443692211175461
944799837814153269
950943768545210429
882654830080950292
984663582698516491
958165213029474324
953569705011056660
468103278018691083
951516030998577162
754832321370390640
972508915088633876
957070830091796592
921180424221384724
953704852620464158
989178201160949780
819803382571204608
958555086659915836
935550068570857482
923558391358586911
900777109130215430
863778520035098664
518594706289197057
882652462274715689
882654981713453096
949347369483399249
725178838526459957
807979475446530078
882658336854667345
882655050458079252
933059908428001361
964424918152396870
882659202735169536
882659314240741426
882658860773552188
882653652475588648
414573829084545024
900775556684058686
882657738344243231
748064225028734996
900777167162572880
592051517473685554
900776102312689725
885472342459965480
900775514460028948
900775789732188241
900780627245281282
724844669376397365
954037452912357397
873213166513975317
725376857327009884
988732906635685898
816985717333819392
815578505793372160
948082043470872577
971407854244339804
952422107256614942
602339538958024745
781368849416454195
622665234548523019
949912904818364487
875838984834658304
907515743824920587
931072334188642334
782439188423376896
930059184089755648
952171631827111996
662203449676398616
900777058777587753
882652889171001425
769273684576829460
935244885064290444
900915813618442240
882659538711490581
966293822076223502
900897071794642974
882655154787217438
882658288548855848
900776245611102249
882658054531842069
801426651405090836
882658394316619828
754200469357985852
769891491912744971
882654027249246228
868394583669735466
882655043331969064
968298390108667934
882653328356544613
882657842245545984
882655334135660564
900773462866550844
882653312363679805
940048897965969458
900777623905509447
860651077526093845
900778255894867968
900896918836752414
845221448481112074
900767976561709087
882655764496396388
900777346204860526
915667957445705818
649075183235366942
882652867675164742
922421624660189196
882656504661016616
528704395320229937
962264623195762801
900886509744455721
691452213649735701
900778884818173953
533948137627189248
960193115052974140
621708056690163752
945255898434134077
882659373866942514
281581629544202240
882655942586531960
980645908989501490
906835940738236416
882655277789372457
959922492418457660
968257975754059797
931231131653779487
882658472544567296
519579462992396288
971163176307671050
882652535989616710
944380987452850226
513293538855878656
810647125163114526
958444197877264454
882658489166618678
949282651196518440
691709163772051567
824542312306049035
950756111307403365
900779553549615137
882655461457940481
900779824551972874
882652524480434177
931248587118100552
955879117885153330
773573035172823060
900775779120603146
900779095275765850
882659214458253442
885968204403474474
882654967259856936
542901813696004096
902207010219622452
900775936436371496
900775936922882119
619315881402695680
980682114087395349
403576783456174080
891875419035422731
882655515996471327
882654373493231626
882655264254337125
900776822227210270
900888262221103184
900763627576000542
964568084369276948
640917329907154954
777323171556491284
786285037464453161
812763766273474560
938388207429623808
966733233167417484
882655209359294514
882654580041715724
738259008405766174
835875279201239060
882659307680849930
882654471014985799
953428808621490276
900779327547904030
900778494898876507
900896795629088788
882656120915783780
727190313642229761
900779556452040726
651526701146177536
833002356181565470
752256636642394273
882656167980064868
882654333823508511
961935114428899339
830807712165658694
768307951295266877
967524104880132166
900772734093656114
872156863628726312
880760689151602708
882657750071529522
924457904877240412
306220918655418369
882657675484217375
882656793875087410
882656441087975485
882653789423829052
964500674043838554
900910376785444914
882653546674262036
882655789335056445
920043439066841168
900777130953154592
882656981452746764
949444261710032897
966260381356019712
900778247183294485
969404267481940069
954996183426818048
882659284968681492
900784186300956702
493716749342998541
882657040965726288
791758306754035753
891249531818233856
903826588112654356
879462308257095780
594814744062328833
745992028638281809
882658341208326275
830569919598297109
882654353327009832
882656233549615185
900779717941141555
621409510329679875
882653776970915901
921561714732986420
935125974180323388
882658573786710016
837325374047518730
922057602718896189
928184505045491733
652331607042162688
900776261301977139
969484204456943646
902638310667718756
900780706639249468
944166999993499659
900776560947236895
580160810375184397
890405607851581470
743443464045461514
882653381573881948
900777455210594334
852883572246839296
882659268971593788
882658203740033044
765907158583214092
882656956676980786
817866014325866506
824882727777206302
926688739818893312
727774997652963344
943533559065501716
839032054146531349
900777537469304883
900778688436654161
885634183106535444
882656340319805460
828295727620947969
900897076932665344
852632296594997259
970371080520867901
900775726448517140
900775677144473651
900777998981156926
900779360485777418
900788231078023178
882656432670003220
882657190895292480
913781475734872095
882653384228892732
767079434627842058
833354640820011025
900777796266242059
859843857994219591
900898058248790056
882656063877427261
882653511865729024
900777696341159976
882654368049020948
900776306768240680
913853214284185672
882655570442731572
882658600814772254
766642626299953153
882657654823092304
900783184885710848
882655759626801172
769620315373568011
882658538525192233
882655378276515870
882658283624730715
882659449007919134
900898364051304479
882657167948275812
882656128872378468
900897830703616010
900922345156390952
900777969008656415
943883163824947292
900779822035394600
882654461355503668
900776486867460188
882655123510272021
894560258775736331
900914747841589288
882658980411887746
913095080724820009
963164065222520843
912803124371152957
717118676402307133
882656522734276638
900779274779365466
799313067195760674
699704338494390292
802815038020780053
882658543751278602
882659552426860655
970344974346485791
772686514357272578
900781236354707537
912771266119872523
882652496898699264
983225131029643355
882655307740889159
805441970281250826
882654089001988206
900773636535906334
900778284512583702
882656436461654076
882657217596252230
900775918761545820
882658075310452776
882656242517049404
952545764037525524
559835503977824274
882655681562423316
835945218096103454
882658884920160296
940978531637268482
882653128695091250
897799847233613824
933502814481702922
900777853573033984
900776446648258690
893838796544696320
827866679723556865
882656675595702332
882658518858076302
939271418158416014
882656154654761060
882658223507771392
882657716110245920
945607020814405642
882652668298940426
882652790965538837
955601382512140379
868768379467620393
318712345209864192
882658445206097990
913113914097672265
900774416261210122
938227415627472968
882657357073637406
904253106643157002
882657577295573063
900773771185623050
947567214070992996
963662045453090886
997839880514179072
963225592080236575
964363430414942208
882658213454049311
882657773865803776
625210903037476874
882654350139346984
984727191667507200
900776077180411945
927235848100007976
900777270275346473
900783978515152917
965323889540489266
603775502280294450
945473543158771732
882659596253143051
900786017148235837
962727722600239275
882659259446341663
882658784168771655
882656918081007686
952579312652025949
900780973862551602
897951319141261393
882654433740214302
934089119938793594
882654493001519174
796257447656423427
882659476325400637
882654657049133117
882658780914008145
836471823276965888
882657460467433472
900775645846581269
882652573239226398
934942543832051733
714206645348990986
900776217433759784
481148780750700554
887441698190393394
882658637871452200
882654026389413909
835343086057291846
900776333456605216
882655599999991878
882652721478504478
882658747296661524
900779789370138675
922856345449938964
899428190966120449
507461086627364864
900783807341420614
285850254824177675
882653044662214656
882657073450582036
882652647373553745
882657236076347423
900778127494639696
723483852823068774
882655403647832146
882654394263412776
900776200828506172
999644247923904522
882655599706398820
753773260662898850
781441504865681408
882652913359527956
882656151697776661
992526629245046886
900769042925756556
903033784167977000
875400796148224060
882659222599397436
843292157992632339
705820762795409508
886652554790965309
993732591771455608
530290934999547942
774570703759736852
883517937758122004
882658894286037063
900899132498120734
575807920671948802
882657474023415859
962536224395001869
666847017460564029
937124354343448606
882654104927739904
900766730706649150
580129483844091914
882658301895122945
799741831288979456
882658438503628830
930662748600299603
947356337338200065
253224660500480020
903170852835708979
900790489987579934
900775723659317268
738330862709506089
848252021621653514
908070148395630602
900776324052959283
891174142752202832
887547015138017291
846684339513327627
882657813040611348
882653339886698527
925439924969304126
882653782448697375
915941615300902923
933936065318887435
981881255551455332
882655519607754793
837647134266359858
847063733053947934
986148485831217163
798847265691140128
900897267979026554
969375986812596294
818614673430544414
447370077243703306
948245450580967507
900773298919591956
962343572651253773
882659604570468443
961622968780341289
900775548798795826
915838307437531166
882654977548488716
807006100850999352
882657673525473310
963699312989188146
399174637222756353
882657183165210654
900775881193193522
882655012050849832
859401006718517258
900779581135532083
900776109174575135
882657331903619092
852973609681551362
900775679677825085
882653819555684363
852760236191514644
882656937215422486
865144008325464084
843379071601082370
952902132787478609
906422339674189835
882652723495964682
900779611259015238
964181983968235531
928463545849483315
696901680368844920
882655483004092466
687777946290880512
943222303490207844
954864375506808872
882653079344918608
882659272868110376
965481461136379985
429397670801702942
957060574309654639
918124131755651073
677158091967561758
900777921856286791
808407764241350686
882659532512329778
882659208628158555
900778187166998569
888483849154228245
871381936516505640
936891043427782677
690774905297305650
882655497977724948
882658534767095849
882657433611280405
900896474861273158
882657644303765578
900763075379097631
882659411372417024
564592155016953897
900775947744215040
882658361378734100
948277774555176981
972789827521114143
882653716463902752
900766347573735465
965286251613786152
584686822001475597
882657480071598150
521350465905098752
965253587720634459
882659402182713384
803836253073965076
882652761743822908
837782081718190150
816854223991996436
882656967057887303
882657698154418247
503970530920103946
882658079357943849
934293341347139606
952247558359642242
778190061325123615
882656347022315580
900778344914776126
648730984233304066
905605007435522058
953387715586556017
746068781721190540
882656349224325211
302150491008139265
969530270564900904
967314704999526410
882653377656418335
882653920760057906
882656792688074833
848387385258803250
882655769969971242
882655768279646332
882658940826058803
900780327843295363
871669620786995252
882655580739739658
900775691350597703
834728018915491840
900776007345242112
729487979139301427
882657107751612487
900897419166900234
824704406225289256
900912434586476605
945058460763050004
900779793681874994
882656243955695667
882656508922429450
978927797156331571
893284067217387590
887388143534358599
940952767235768342
900784973450207232
900896369970135071
900775714301837322
882657697865011202
900916665242517564
959943855728369664
784964305958862888
900775861643522058
898108004556214353
900778697873829908
689140805201297656
882653601682587650
900777455961399296
950439846067961926
900777028721209366
936554771001782293
882656208006316104
922974820503810118
882652974126624788
900777535070167040
882655353307820032
967770703548018698
846252259531816980
699210651536457728
882652657058193478
882658644003524618
882654138083721256
912026946668494920
882655680824221747
781644629782036530
882653683026907216
588012300401639470
911151228090736641
882658700093968394
900763733398274108
954699790778789888
900776736172699730
882652913787355156
686306452570374256
870041201162727476
959564453534400562
816329285921013760
968138769427488778
900779993326571621
900899619532328960
829956533651636264
900776604370870332
900896473745608784
908941344846786562
952282635273633873
900776647744192534
882654759499218964
882657992850432032
900780567103160341
882654176432250970
882658575569285131
962078387952824431
753630648807456940
690615568633430046
969673357178077274
743824752682205276
882656478278877324
882655804304523314
882658573807661056
874400938868232272
925878413162586142
900779187370090506
958805239694233630
917718134377562112
882656082084888617
965186168109006930
900778287972909076
934777091726123071
900776118859227236
788050081441644554
900775665421393940
959477400977145906
915274086215745537
882655904347066439
926562593261379634
882653673807806534
855899480933793872
992725365053210634
954874997816586310
900788714777768057
882657609834975233
687472972125962269
849688105568043068
882659379529265192
882653304415486023
900898065941147668
882652761299234826
951210700473237584
839123377066475521
969917114209169438
941391780191014932
910150014846767155
900895720075317251
917219370235740190
985246695354949704
900787341046714439
900896541399736372
705863171050569858
995662268912115732
900779589616431155
882653546946887751
882652903586824202
882654354061017128
882656970589470770
900775699655315527
900777616884240444
795631866668384256
656466021179457558
882654361862418432
882655892858892349
682497430318743580
882652990295658516
734670650089930793
776098651042742272
882657816115023923
741751972926980236
882657694832541738
272782938637074434
651095740390834176
569827508070121473
900786370052767835
258659489593556994
969504710711193680
754081371852505239
701065767696990209
846354013313040395
882653421826633760
821380602749648927
418809798528729099
920473469613907998
812322868091420722
882656311312007188
882655930829922345
900896868807114802
900779659988439040
900891325531041852
882652492591136839
926643720881852417
963967224438210590
939862577918394388
882653343154061362
428599947018108938
882658216276791366
882655509319147520
900919459668189227
882654804533473320
882658158886133801
882654039072981023
912920035637489764
882658867916464138
669202196327432210
900776372753023086
922879574730231839
582647996416655472
957034506693517362
882652669943087175
882654906224353280
882655684662034582
882659115602706442
882655752798490665
963343733682753586
955613100135030865
967199310083137636
517450855201374211
155149108183695360
882652681573892127
749996743684259850
806612882254069890
565635140227956736
836676085000306708
882656813789610024
882656739894386718
712885872143499285
917796809756278814
882652478611542068
882652719947608105
882655443892174868
900776201499586561
881848029303414824
828443152989421578
882658420833026068
966682979055337494
606147272761147392
932040129684582490
992403027501797499
882658594783391775
850646785529086002
836329372893839413
882655917726904342
873796829668601907
882653343959363656
967491194257039450
882657678906757182
883286613294190603
900779958450941953
792898982484639764
963777439417372692
715963897341018274
760943291729838090
778469995151491092
700063791299297331
900911107345113148
900783481980858398
882655034108702730
692761670925287444
547143397421350916
882659621272162305
986868981556195348
892178605734518805
900776804074278942
949081206576807987
967101511542931596
940729110026682400
900771639308976148
900920575118155797
773184663015522304
968552464196468746
915628178612047893
871324581594558476
971869790241165382
979033355867803740
954503546403946546
974415048506245130
966100454859747339
963579949963436103
800388773467914240
882657955378520144
882655577472376833
934319311655432192
812790115516547084
730364005100552223
715300206693842994
852990149545820160
882653458023456789
900775859512827985
900776564134936677
882654317113393233
882659537843281922
812700794478002217
900890461668016148
882653496535568405
949417116145176606
900897728811393144
882652595833950240
882654332594556938
900897777461133333
900765481697439855
476985519834791948
883406585618137119
900777019921543170
823147773679239170
900775583586336838
900777459883049030
662582364282814504
965836197505142784
900779440487952405
882655688487206913
900775583074631700
882654656201887846
878546380409438238
869213971490697326
401342988715950081
900778466599919707
757196608222920764
962844605915738192
778138011451260949
728034529037647925
726862082485518387
882657372487696446
751349314436988929
933487507079839744
882657206275817472
882658046101303397
900770710073520158
882658226821300304
960266461035778148
552577586790662186
928680366959644693
722551493789614191
681927330540814342
882659403742986281
955601344310423552
882655389974409268
882656361379418164
937525640570241065
517385015412129833
938966662164672513
882653517884571698
900897583323553813
821377839940763728
882656740431265862
882655269421731861
882659124041621535
882653492865544223
882652492297539707
882656182425223199
900777110841479298
882656536541921301
882653860936691712
867700367105720350
882658359050911754
900775790696869931
925452855547162624
900897491145342997
853099796831404052
643989098180116481
882657112252092446
873901745573613598
900786499069550652
882653611329462353
882655125888434207
900779253791088663
497868160691732493
908555042393559082
905493638950301788
892995582329757708
877212307598508052
705465631625052270
947943658940932096
882656536059600907
882656533417173003
584801092991189106
705377961368485943
900780147697909790
900778813171064883
900777489138323467
976694718379487283
943462958284021771
882656387203756063
867926454678192248
926866374024896582
882655024289820672
692358975433342977
882654556989829241
882657705834209402
882658699099897916
776889135696707594
971370980364673055
882659285471985664
964459797925740555
882657102663942236
918749860646236170
882653418861244427
960665658494947338
968422721660780566
882653128103698512
856676798002888754
775785707725783041
766007921292607519
837471258349928459
924579050788364329
882659187010699364
721670326852911105
722112889871269948
900779325035515995
900776443464798289
900777915711635516
900784761402961970
935646550737186816
939702983195779132
882659237648547922
900893839416500265
969729433621626990
882656789416529920
869560720713470004
900776216540368926
882654321584529409
761624792616796230
743125443414065296
801229020175663125
690668395493851169
955584511373090887
715250233675874386
683043481802899462
971118683491541002
882655738495914034
882657645620789309
964029453338546177
900776270558806047
613888062698815488
983320066554732635
698298459907817472
954408618730602537
852952050241110046
938022281249181726
882655745080963123
528393552288546826
930572662491738232
882653460556808282
882654491961344090
882656850691096657
963789321138212914
882655120435855381
900779756809752596
938584119045128223
988470425774338089
662070233665896449
882657991596326933
987364655192223764
966080424285728798
900884623465279569
882657882208882738
882653899826266163
900781533009412137
312658024533852161
952909733797429278
855020634228785172
882655056363679754
882656429436203108
882655176635338833
697829635018326107
786827336560934945
955138314204225567
900776480160772156
882658812375470130
882653120126152734
882652536341946439
900785873937891360
882657329739337793
882655158918610956
900775892891107359
900912035158712361
944467849798373421
799509926639697970
882655419288387584
634107844488069130
963760900051984445
627248901564530708
900779789093322813
900779595496820816
882655023941685289
900782868710690847
882653010537373757
856103350134767626
882652995584663572
830807617055490049
882656251425722499
928304008903397386
947054397995753494
900784506854846504
882652972037840977
882653404164395039
923601566383112222
873999797055541300
900776924144607324
844742025278783490
882657458798092358
882656135243530240
882659625676181515
882659259479908423
882659401578737754
882654687994732577
747821637100896329
954666708696711198
900775735768264826
751504905067561101
952883156669857803
929969694893551646
797059855030026250
882653801042047036
900779519537983559
882657484500774933
705083151755640872
882656442866339951
882655794024292402
900776119068917761
709673999751446635
900896859126661130
930551025767710741
940611800473419806
853141476149428234
882656122266333184
861531180221464637
737876938701668372
900782372319010856
882658526290391101
882654470666854473
496692072821293084
882557609427738636
921742458403041301
548753326741782528
666894554380763147
619983282658082826
900776887041789952
900893094529106000
930920556159701052
726822220483133462
900780707910127737
900776102316871680
399992820410351626
952259142737866842
882658122064338995
717330620715630632
882656524147765341
900777904034697286
912979482401443851
856496949992751114
882654081699704882
797639055537864735
882652757734088764
882656034559254588
882653200619012146
535068915659964417
957421744841424967
900923477521993769
882653779479130123
852821942712533003
953327046023610388
636253348076584965
882655250153086988
746365840420765766
882658996849377320
840235613419470868
882655841000517673
960233027777212468
900777334196543519
900776552504127539
882653609643364353
945235193122394112
882654691517927435
900764753016807474
920119439544946710
692726875423899733
925852615097585705
882658300615884881
583259845101092875
882656087466188921
370668572265021452
882655365181886504
882653082775846963
943718286435155978
917273817162842142
900777331172474961
900918268066402335
900788941995786281
900778296155992065
882656163873816607
805315783383187466
943188964918046800
891911679909171221
951140889294696539
900897452893294592
971926309628428388
882657815355879494
974434346423443586
882654779883540490
882654360453128192
966264130854076476
926755683557335062
877708138818727976
920396520891772978
882659143201194016
539792851530416128
900775957193981953
900776282638413854
944019731931881472
965353239677652992
882654345395601488
955515786410205255
955669675772100618
882655681826652240
882658377329684520
951640257617616906
882657162315325500
822898177081606214
900776502084395058
882657218854518874
864607341743833108
484395784817868823
670948991927713813
884653998131539978
874287897136742420
882659011911118908
949022573289701377
882652599181017128
900776233544069180
928545421838671902
370186658785656843
876824024670425150
773077102378483743
882652794522312724
978505987168276490
845693755667644487
682698436985880589
950131441650524220
938186703829631038
933901605944840282
900765969767608362
534915320142626819
949111154402275328
882659147961737236
971778059088830504
988416944132726834
899444946166243368
941969140753760266
882659436768940053
882658862665179226
882658484318011402
882653808906342450
882658722705465364
900792084993290241
940312368397828126
809094019161653349
261831640727158785
900784811218714714
644967470087667725
779054479764750388
900775612220837919
882657918137303051
882657339709218957
294882584201003009
837350433898889257
900782107452928021
579159637606006784
830731447660183552
882655300484743228
900782162352156712
482872519498399744
964535056930570250
957368789832433694
842456218340818944
900777090733998080
541459831975051294
882652810024452147
900779398133866527
899362196277047337
924162274829144125
805111071962300476
900777253451989072
900920319559233607
852772814100234250
408451494552010762
936602714589261865
982700103796150372
899491746214477835
900782854894653450
878974689513467944
788924871446626324
868149668247400538
915195219832619048
882656266315518013
900776424506536027
908205140538970123
882654379612708924
882658973466132541
882653564554604654
882658346463821865
600074621508780032
882653794616377384
365654153894035459
900911523059355709
882658443519983616
900776448137252885
900780568625676360
900775742844047400
933431716230606908
963297963898208266
704977587230867506
874329862519808010
824177719537041418
882655954481582150
885222055610556466
867529342590517290
882654498223423498
882655090329129001
882654945801818172
585227674520256522
882653928414642176
900776351555006474
900777588568506438
882659564573560843
927598452832092230
931732734592835655
900778688071733288
689559037930635276
968701786812719176
728305372099510392
882658058365460480
900776033026998333
929466023499943966
945058274552717372
764969729190002730
882659290060582952
882657059135447070
951620343112548352
882654595883630622
900781581323603989
882656667307753513
882658480966733824
900777713722331186
915721016397955102
882658247465644052
898564458740322385
865787070205919232
950483625147768853
965110036655403078
882657959325368362
641742448900440125
924059844841975838
882653661115867137
957388901864050759
900777582650359818
900775904572231751
882658675213352990
951481407472025681
882658045061107782
933294376015265802
995280489281753128
704753879186931712
900775753094930453
792067138160558170
882658098081308682
882655445729284148
882654396293455903
802626343564214352
901160869667426364
960864295648890890
900764254486028319
882654529059962950
882655467581636729
882657245836476429
900920143033561118
900913107042439209
950231967511744572
900769719190175804
799143969971503144
882653753898074112
882654088024686613
926115276154613810
882656781866782770
783595411218628658
882654068168859668
906468598824964157
900777341326852096
957073137793650778
950073063968485436
882658319058206790
900778491635695677
882658920236187690
769429012463222784
947119549000581201
959133083888668682
779831993700974612
882659161471594537
900782917956018197
963951198745034795
891354174984437801
882656433953472562
998614044602798102
968859114161729586
898745401325277207
882652465936363570
780279234207154176
929838823922335804
882657569443807362
707307239295287317
882659631011348531
947956092783173635
900778102051995700
901868595678687233
900909004685996113
900784249676898404
964609541671108719
882656529155760199
882654376307593276
937280345349451777
950358851671187487
882658990864101386
882656557903523860
882657969257480242
891781345523691531
590332496734846977
882657780161462353
792842038332358656
882656350147072030
882655677431021598
892491691196555345
882654683796217907
882658905463865364
808387847803371560
952293391994085510
879364653854117918
900897797069479936
885610167100649473
882657039510282261
882653623132250194
882657216535093328
997353409600561193
950408390134366208
900777605140213801
882652837773992027
882656971273146398
885129865152565298
900895432715165727
961763950301687868
881027284562219039
709751273980821565
882656512097517599
900793407671263233
882655926182608957
882655364947001405
900779649771110401
478890354217713664
716042396319613051
900779956454432848
882655863364534323
788112220268920832
900787443261902900
965926839048634438
973608721299148870
882658039990190090
681189333105246219
900778519280357376
531585570972106753
802667604913291337
798146085637718037
882656610034528256
747539220037500969
900788865827217448
918839257420922940
882655463580254248
904177928177332255
953767099275284562
843075451604697138
982005175617191967
905548660450942976
870548736869281833
939126522365751316
832277370601340949
926061021267910657
900909858025512970
900775572676964484
882656422331052042
967119377742839839
900777809142755359
882654573905469510
882656194081214494
946528962400628777
956888618830536714
900768315004301333
984565984071385088
900914635895607367
940132400627867648
882655481758376002
879604004055810099
811110580890894366
963199372034736220
776968767552880670
901991500462841936
900777809448935504
900775948557910077
882654797570928661
882656143841849425
943694591239020584
882656986993426463
900777594536992818
808082526425579541
945729634740355102
693092841186000897
900777827660628140
807585170890555413
841933075269287956
900775782983540856
906945777652363324
900776281501745253
927278448991404073
926733689235308554
951507383752994849
900919792817561610
882658940821844059
954104547876409436
948911327244595230
145632312032231424
882654603223658576
927669902486151209
882655883014848532
900779012664750201
839867340932907028
813138527247794196
533708680646885376
980688486204071946
900775753061396520
959166482405806111
900914872521474088
959337298128957500
900887518281613363
900788899784294401
609164491963498566
882655188794630154
882659446487146518
882657062163742750
900775746572791948
960895860282126386
853125698288746526
882655858381709343
882654137232261120
882658396640280597
882656715525455893
659095803452981251
748407557252579423
799826043615182879
844152189101408256
900923115876536350
764068058569506816
852928721328275536
882653484401430629
785014661690425374
900897046767214643
923081576072511529
942196270729158696
882652681376768041
948598440319934514
964259200630943784
914330214400684113
969114933956587550
863794531970973716
900888650122936360
739132800162201710
900907119979667527
900896611067105311
882656489280512020
882656256333078610
977046192464744449
882654152411471953
900781668154109962
896896054115577906
882657079712706570
815178560611418112
882653296165265448
900777513393999923
929045493110153216
882656937307676703
882654691379527710
900779353586151456
900781447244312626
900777904995172382
882657459678887938
904481207721529344
882657700088012871
931675246296174673
900778653166739466
819783780855316511
900776361982062664
952232364191383652
962461423630450698
936781964420214794
851270771426721822
900775933491941476
897487056165556285
764488605074587668
882655350837362748
882656363115872346
879838633941688400
882656184811794482
882656638782279711
882658367745712139
575011882486726656
900776535059996682
882653404864860191
900778999909842976
921158475130732544
835290752661454899
882654157134250014
964966804671852544
882652807314948126
874751809388949505
735312316278767673
956568367333011586
882658783409619005
913297977550966795
882656561485467698
882653581394718751
900781244827172904
900791245016821792
947553720370098197
945781582243983399
876786900755681290
882655876593365012
806439775824773161
882654939460018206
583778371524231181
954847163995803688
959176815799304223
882653715130093579
900778637220007958
970378410218123274
933707889594499132
882658899373735957
882656757464309830
882653719097909268
900897374652731402
882659389478170624
951126000488566794
749195278044758076
900896872087040030
785447217854677022
710370038145744967
956236615653654608
882657222205792338
882657272143183882
671707573036253195
882653170617172009
901094632518213632
944969819327963166
882658415334293595
882658932139642951
540470562397487106
900778370336448532
882658291333877810
900886727282012160
882655836890087468
932984365510688869
882654858384134154
730920399193374771
882656121750433822
848954921423470593
868980527187763230
944226848408236103
882659125421572136
965411492319092736
900775946829836341
900776214619357194
784741007651504138
972402132756103198
858737835532484628
913406227374035036
882658647300243528
911640589018202145
900779231796133960
900781112006176809
955775374275510372
887026814608900156
729695390009393282
925882827243917342
901152819829166101
982376991896502292
882657779087732828
824336183684366347
900776939747414057
935519094218846229
962339546807304232
882659582390980648
900776415656542251
882657257429536808
882653455729164318
882658652283088996
897449727287771176
882652647688138763
882656954034561046
900786660122451978
882654687516557312
882656435882852372
698964810364354640
882658174451212308
720351927581278219
865340667492564992
882652577785856030
882658788753174628
900513443734487070
773894438023856169
818570692847992902
927977810818134086
877512328797626378
900896572232065084
882658089193594920
707656440172511282
900776843517497415
882656013772279809
900786394522337350
957228617476227082
597136078092238853
831605746293538876
882655744028192769
633565743103082527
885409514784964609
900911580139638825
835965868495601694
900779413589884958
882653706368213013
932427134142664714
939928836194316301
882652622828474378
492373643288903680
882654439339610113
952471778511441990
882653000051589142
882658352507809833
786460854245654548
882659452786978838
947831720072323132
882655810591809567
623495959917101067
882654663101513800
633861710553415694
882653082406768691
866956216420007946
767160868961910846
882656129023352873
882659537813925978
900776019299016824
928345550024241193
950368437987848242
950896203908935730
848218246040780810
882656292169203743
998937075200045056
900775679174524948
882657722284273727
911110536513601536
364773287072497667
900897949150761061
882656269234749440
882657035227922442
905942371236216853
765612776957280268
900775607661645824
941842908590526465
900775542125658113
501426350486454274
933208978547163136
882658055697862736
900776107459108884
949021126347083857
840027235711975456
882653064832634881
928657105311895582
663425773356580864
848917833136209940
882659499972911136
882659662862905356
900763936364838974
912693129558261790
865291218505695232
950742284822011914
882657923770249307
968153184839282699
882655218133766184
950207224058355753
900779833670377572
961602169159700520
709845665211088926
900896408423501844
882657308490993704
663417795475931167
900775556705046578
952719607666471012
913900523160227850
755220559016624220
882655088366202960
559426966151757824
834914308898684958
890690195618410496
952386940722884669
900779894768820266
882659674380460053
542439879930544137
900919127655448596
882654650908700744
650428201352298516
934946473467060234
882657042400165978
882656615029940225
927431713724964914
882658181262770258
900771667943518308
922562775685931088
900777586236461098
882657716248670269
857806375115948082
882658334610694155
586657648481402902
882653199075532871
900770806169231421
900779200213028936
900896714830016593
948006901612961814
535847734997942273
962898994919514222
900779767136141392
767108410507919381
882657853175902259
882659005883875399
882656950297440328
835897468599402516
900775694097850458
900778034133602364
972502255632777277
900783378427691058
955105288103534642
854402666838360084
900771493443674162
842183031816060998
882654941162913863
929874686697955369
797420852341768202
900777237148729414
900776688496050226
882654967628988456
882655369749475368
882652491244777482
800121094090522665
759155346978766868
900775951745572874
900776216116723772
939966898139963412
882658382606135306
899899858981371935
948939906997178449
882657846238543924
882657306054099035
794133103211708427
900897187238670387
882656937831964674
884512827690348564
882656679886479383
882659218774196295
900899942451802132
752549224809234564
882657779049971762
657969734138069002
882658993149972480
923090323473846312
882652902919905351
854211997951328257
882657244439781377
934030111592812575
882654603542401077
882656771007725609
961517134113017916
882658236904407072
900776566001381416
755009989965512735
955119729629102151
966386508825235528
994978513184620595
882658935058882690
882659043020259378
841460432216653855
1002890037756706877
900786936250236978
882658597241229374
882658029617696849
882656289749102612
882653138958557204
712035597296074815
900896404854149131
962755175712452669
900778207928795157
857022591096979477
720470203531526176
963649613389266996
821639110992330763
882659086787829801
792270300435054622
882659105620254790
900895029910986772
942167910040895559
896917615606390814
959583086742503474
900767363144761396
879717909423853638
947984507095621682
882657394960764958
963423272953847878
822585531979792434
818236973038043169
911703933955747922
584595371267981312
795759198872535051
966007175413645313
882657146515390494
882657179952373781
882655469934632990
882656274586685510
944182007750098984
882655057470980167
944693871772827668
882653891467046962
523354362735755264
882655394546212925
882653637363499089
588444003263840400
882656225051942912
904152230825979984
899825279239847946
900897298886852659
900771670728523816
944410000825151528
960396516122591262
900777504967655465
857039747846766633
892564720492642314
909820978396266517
898277945104285696
942582398913232906
882656252746956860
966355321645846528
620272058861092875
751395413369552906
973991622306045972
900896574115311626
957714769387868221
907125590040141835
882653707731357696
882655016966586418
882653102434566175
882655455829164113
490771615588810752
882654347933134919
882654592775622658
882656090490294342
882659272188629033
882658293661724692
780715459149561887
852820579627171850
900777558260461649
900776125947576331
882653593885376533
911004226233204736
900776947783696425
965585859300720640
882653242054541332
882658477649035264
900775642969284678
882653162572501032
959156021383806976
882653576948772904
861516883706904627
882659636354879498
882652751388090470
829071947425382403
861867864343707678
960800344336633866
960548965722505317
960305476032163890
687514933491007564
793477772332498994
900915233323884585
902019765885878323
571020776443215914
954814150754856980
882655132230225950
900778604407951441
872735885559472199
723220626101501992
378092222576459787
846711201614397440
948211198472618015
801870239125471273
988157467051565086
882652725664440340
882653711288115210
882653809434832896
882657194494033980
748888095214141533
882658693487939624
900780774075301998
900775561515925534
962723028389752902
882653181585293312
882656425334149162
963362222518726666
900915129632325693
900788326691373157
900763177086775316
900776403463721031
676352697238290464
900887595477786696
964872527635693639
864236137984032808
652596603726856198
882659140567179295
954029311030087820
788803407380217876
882652448282529874
900776850782056528
851711174080725022
882658870814720060
900782689202880533
848328481053081671
934587270420389949
937623480302710804
488347004427173894
882656935445397524
900776928020140072
852692479596560436
926251482465071105
767428487626620968
922836783107018752
952885336026005554
882653407897350194
818407000206737439
866502677129986088
882656656016691250
882654460382425108
900770053211951195
965340339038715934
912852196830347265
882657152483868683
872657991030161428
943968965045129286
882657058615336971
882656938750517308
826715615485624320
900776103197700097
882652475100921886
958937106007334964
951562392557453394
882659489717833748
882652507824857139
900920276735377498
882656960321818674
952696923163332608
900910132614033410
942475780292763659
882653585194745888
967178242421309450
820464366083637298
882652641031778324
899644620399599668
882658190217588757
770447356407185418
811584435308068904
900776718380433438
970665901936492604
873565463051919380
882656785683595274
882654534957162577
882657967093219349
882654929334968330
744776259325919354
900790336933216256
931237670699565107
325021879582588928
983949634143649794
891916908402708530
882653105538363502
882655941181456394
882655773488975922
926719942320078878
935498889249824878
900777411287855104
797488408309792839
516658786111324160
900780653895876688
900776830343192666
900781178884325467
900899010766848100
907068175659704320
900782135496040468
946026919638495303
614920824771837957
969354833364668416
518151813623578635
882654378819993650
397172193743601665
900770620504170566
882657053343092768
900764218540818452
506176012711886860
807667214718337095
882652989662330900
863914443792711690
882658362561552384
900775973962780733
963584167726174269
965522424424693791
882652514418327612
953698980217385040
959999375562670101
765995574045573129
968867179422429234
882658411496493116
882657786415165501
882655977625759776
978310339047358514
731766424904794232
882658918759804938
699178002285854751
900775530637459567
864419741509484565
938567201735196753
882655687182778398
882653049842192416
900776053633605643
900912631316103168
882656502693900318
862336831306465301
900791102293024778
951595359245860884
882653266159235083
900776629264060466
882659266442453062
795289626662535214
779818165818621953
972848467959500870
882659095264526436
450340097519517716
900776892704100382
882652750872203356
900777173550501889
938066772282716170
814593161979887646
900780443501199391
882658986124521583
921732356304424961
900777137273995264
964763651049402401
553566781927718922
882656467155550228
882654616049840199
910132033739685888
997084421918310520
882653032381304833
728318569430908979
871590670131953696
780568582118572052
882655178640199691
999852718774550598
629775024018161684
726913296921526343
882655638415638600
882659501503836261
900779539305750538
882652717380681728
900790142401392681
900776312870932531
882653959083393034
882655599387635802
943541592571129937
882656123616907304
899284594942152765
882654846237438002
606079179867553812
874139034522370068
882654982371946507
882652751706857503
907793564497489931
882657139800277015
882653488620929024
813379177503391745
950236973069631498
882656142667448341
882655563039768586
882659095423897621
954376795052970024
916482472781434910
893612921375051807
900775835118747708
882653114484797461
979967089542569994
900777929578000484
882652636678074399
900767665726058596
964229704016080927
968583847899963413
952437866083016754
707860716215992371
882657257114992651
968228507991818290
962551556283170816
966165644255059978
882658742578073692
882652988001382431
900791120601157702
887144670159835146
936430322847989760
882653739012472882
882655496295841832
921047182713442384
882653017457983558
536991182035746816
581672174411186216
975633702895890543
789231419742355486
882659521330298880
900777747721367612
900779556586287185
900765321084936212
882653501656801330
530531267159261184
882653458455474207
900780895491993631
900777433320554597
900764138979098664
882655686905983017
745564181096431616
882657392989470740
910641095371816960
956400242788548709
882657774239121428
949709683386634330
952714619162591292
882652823714668604
882652751799140393
882653083077845063
551471589086986270
831845877852536852
882654409102880789
882656723767267338
904235611609763911
882657010036903946
717300654153924669
900784344912756806
900780189569679432
870305316976328725
882652731721003019
764912215664623627
201503408652419073
824119071556763668
564390364639789056
900777501440241664
838315442011111435
652364279265230889
932114748571537429
968856600544682024
518099401215049729
513129213608460291
911528155511148595
882653839436697650
956967940727656498
882656608629432370
955795564463783968
943340942801371176
930010791556579359
638406325998583808
882654982959149247
948625619862839316
882652471716102164
948993013479256164
961060700074164244
882658898555842622
900791139173552198
882657647738880131
882655510040576020
882652530608336906
792585157290360863
980443312194453544
711429188455891045
880987440972726292
960264846027423764
900775961669283870
966465835755532308
946128525780475915
900923315059822592
938995396766748682
900765730377695272
937994660251594851
882658436125442110
882653939605061702
947444003924770856
965747742712414268
693760194198634516
882659291427905617
949769200363253763
920439577779503174
965611211565703169
882654468074790945
882654216789839912
958518059742658620
900770160804266025
416358583220043796
976150888429289575
690716425454747699
882654398646456331
882659402035908668
538104239138930688
853865139384221737
955535265533939754
882654088930689055
967243937741934656
882652963120742413
882658913068150804
882657031448834081
900897732271669279
946076591547621386
882655596116058144
747007393937883177
704696109318144090
769066228903182376
791008325939626064
960274773072568370
882655833169739786
945629631074152488
923930627902935091
900776302808793148
925620792518139907
900781681970122793
935211375012229130
882659524417298482
900779274586439710
873934253468024852
886226233019498506
870262035898843147
945459262690308186
882659229071200366
882656576324919368
882655869479845930
882652875275247708
882653050093846589
882658741567238165
395269507989504010
923112537879347231
495684716775735298
803583506088853545
882656834228457513
687476432104062989
900776188602101780
939872604259495946
798069916892659743
942891747883757568
882657522471813130
996644204354752513
882658162237390869
882653030250606642
905966159713665024
882653075683291136
814723054579875850
882653412242620446
814836061351837727
926729817284558909
943079540593393716
921700152467656715
882653050660065290
882652877800235078
882658484838092830
882656674299654154
882658212569022555
945498475435536485
882656349413052437
821512507931492372
955044336922411028
900777646777057310
882658151516733440
884966461330833488
947959931519250443
857187011777134592
640406253407043588
900776546367840257
937395268507291710
937487994930208778
900791257956233317
957866389685817376
966534588295942185
882657336072757349
882653818196738048
782847024285745162
819663650993733632
882659016017321994
760858757939855361
711424822621503568
638511776119652414
905449778354225222
882655593490448425
882652633783996427
882658347348819989
268151800803229697
882652792630673440
767683188499021844
813347997215752202
868801858460876810
900778382554452048
900778043050721370
408785106942164992
455264252559753216
805915740745629738
900780554268602438
900777080168546355
882656910803869787
835675087172010035
928778410631762044
882653995049553970
925590432166076466
882655425554710599
968024728474382378
900778083035009065
900908301867417620
900911225901301780
825617171589759006
894679248260956173
849738049919516732
959321246787567616
935415296540430387
900777771645698068
870147437505949696
911270408290959392
933898338233909268
